233
239
251
5237
5501
5507
6323
215
279
5474
5556
5782
173
223
6863
220
242
5950
1202
1335

chaff:
6872
6906
8002
6461
7466
6388
6474
7018
6201


197
229
233  *
239  x
251  *
5237 *
5501 *
5507
6323 *
6703
215  x
261
276 
279  x
5110
5474 x
5556 x
5782 x
9155
9185

233 251 5237 5501 6323
229 233 239 251 5501 5507 215 260 5110
251 5237 6323 260 5474
197 233 5501 215 260 276 279 5110 5474
239 251 5501 5507 215 276 5556
197 229 5501 5507 276 279 5556
197 239 5237 5501 260 276 279 5556
197 233 5237 5507 260 276 279 5556
233 239 5507 260 276 5474 5556
233 239 251 5237 276 279 5474 5556
229 251 5237 5507 260 279 5782
197 229 251 5501 215 260 5110 5782
197 229 239 5237 215 260 276 5110 5782
233 5501 276 279 5474 5782
197 233 5501 276 5556 5782
197 260 276 5474 5556 5782
239 215 279 5474 5556 5782









197
229
233  *
239
251  *
5237 *
5501 *
5507
6323 *
6703
-> sum 17545

215 *
239 *
260
276 
279 *
5110
5474 *
5556 *
5782 *
9155
9185

target sums:
17420
17435
17438
17454
17475
17502
17523
17539
17542
17560
17563
17579
17587
17590
17606
17627
17632
17714
17799
17802
17818
17839
17866